46
9
1 0 0 1 
10 0 1 2 
5 0 2 4 
12 0 4 3 
11 0 3 1 
8 0 1 1 
9 0 1 2 
9 0 2 2 
2 0 2 0 
2 1 0 13 
11 10 13 6 
5 5 6 9 
10 12 9 6 
13 11 12 13 
11 8 13 10 
10 9 10 11 
13 9 11 7 
3 2 7 0 
3 2 0 5 
7 11 5 13 
5 5 13 11 
5 10 11 12 
6 13 12 11 
7 11 11 7 
10 10 7 12 
7 13 12 7 
3 3 7 0 
3 3 0 8 
11 7 8 5 
12 5 5 8 
6 5 8 7 
10 6 7 13 
8 7 13 13 
9 10 13 9 
13 7 9 9 
3 3 9 0 
4 3 0 8 
5 12 8 12 
6 12 12 10 
5 6 10 12 
6 8 5 13 
7 8 13 6 
7 9 6 6 
11 13 6 11 
2 3 11 0 
4 4 0 5 
1 4 5 0 
8 8 5 10 
9 5 10 9 
7 6 9 5 
8 8 5 8 
1 3 0 10 
5 11 10 11 
12 10 11 12 
4 4 0 13 
7 10 13 12 
13 8 12 9 
8 9 9 6 
8 7 6 5 
6 8 5 8 
0 1 4 0 
10 10 6 8 
2 3 7 0 
2 4 0 13 
8 12 13 11 
4 1 0 12 
6 8 12 6 
8 8 6 10 
7 6 11 12 
2 0 0 1 
4 4 0 6 
5 10 6 9 
2 2 0 12 
0 7 4 1 
9 7 6 11 
0 10 4 1 
0 13 3 3 
0 11 1 4 
9 9 6 9 
7 12 9 7 
11 5 7 12 