39
8
6 0 0 3 
11 0 3 1 
10 0 1 7 
14 0 7 2 
16 0 2 3 
14 0 3 1 
13 0 1 4 
12 0 4 3 
5 6 0 14 
14 11 14 11 
11 10 11 10 
10 14 10 13 
13 16 13 14 
15 14 14 12 
13 13 12 10 
10 12 10 15 
7 5 0 15 
10 14 15 10 
14 11 10 13 
11 10 13 12 
12 10 12 10 
13 15 10 13 
11 13 13 9 
12 10 9 10 
7 7 0 13 
16 10 13 13 
10 14 13 16 
13 11 16 9 
11 12 11 14 
16 13 14 12 
13 11 12 15 
9 12 14 10 
5 7 0 15 
10 12 12 12 
14 14 9 14 
14 13 14 16 
16 11 16 9 
9 16 9 16 
9 13 16 9 
1 3 9 0 
1 5 0 13 
16 10 13 12 
9 0 6 3 
0 14 3 5 
0 16 5 4 
0 10 2 1 
13 10 11 16 
13 10 16 13 
6 1 0 10 
15 16 10 13 
10 16 14 10 
8 0 0 5 
10 0 5 6 
10 15 16 10 
10 13 10 14 
4 7 16 0 
0 6 0 2 
0 14 8 1 
0 10 1 3 
0 11 3 3 
0 11 2 2 
13 10 16 16 
15 13 15 15 
0 3 7 0 