55
10
1 0 0 1 
8 0 1 3 
7 0 3 1 
11 0 1 3 
11 0 3 4 
11 0 4 2 
6 0 2 3 
12 0 3 3 
9 0 3 2 
12 0 2 3 
2 1 0 14 
11 8 14 14 
7 7 14 6 
10 11 6 13 
6 11 13 14 
10 11 14 9 
5 6 9 9 
6 12 9 8 
7 9 8 9 
13 12 9 13 
1 2 0 14 
10 11 14 7 
12 7 7 6 
11 10 6 11 
5 6 14 8 
5 10 8 8 
14 5 8 13 
8 6 13 8 
11 7 8 10 
5 13 10 10 
0 1 0 4 
0 10 4 4 
0 12 4 4 
0 11 4 4 
13 12 10 11 
5 5 11 5 
6 14 5 8 
8 8 8 7 
10 11 7 10 
6 6 10 9 
3 0 0 1 
9 0 1 2 
6 0 2 2 
13 0 2 1 
0 13 1 3 
7 5 9 12 
10 6 12 6 
14 8 6 9 
12 10 9 6 
14 6 6 12 
2 3 0 8 
14 9 8 12 
13 6 12 6 
13 13 6 12 
14 13 7 14 
10 7 14 13 
8 10 13 7 
12 14 11 10 
4 2 0 8 
5 9 8 7 
1 2 0 10 
11 14 10 9 
13 6 9 14 
14 13 14 5 
14 14 5 12 
7 10 12 10 
5 8 10 11 
9 12 11 9 
4 4 9 0 
3 3 0 8 
3 1 0 12 
7 11 12 9 
7 6 9 5 
6 13 5 13 
10 14 13 5 
12 7 5 12 
13 5 12 12 
8 9 8 7 
0 3 0 1 
13 9 6 8 
2 3 0 7 
13 7 7 8 
5 13 5 5 
2 4 5 0 
14 9 7 11 
7 13 5 10 
7 7 10 6 
13 9 6 7 
9 12 8 14 
4 2 10 0 
2 2 0 11 
5 13 11 5 
11 5 5 11 
10 12 8 12 
8 14 12 11 
5 7 11 9 
0 7 4 1 
11 0 1 4 
0 6 4 3 
0 0 0 0 