46
10
1 0 0 1 
3 0 1 0 
3 0 0 1 
10 0 1 2 
6 0 2 3 
11 0 3 4 
10 0 4 4 
12 0 4 4 
11 0 4 2 
7 0 2 3 
3 1 0 12 
3 3 12 0 
2 3 0 12 
7 10 12 10 
9 6 10 12 
7 11 12 9 
11 10 9 14 
5 12 14 14 
10 11 14 7 
13 7 7 8 
2 3 0 8 
3 3 8 0 
2 2 0 11 
5 7 11 9 
8 9 9 7 
12 7 7 6 
10 11 6 13 
5 5 13 5 
10 10 5 13 
12 13 13 9 
2 2 0 6 
4 3 6 0 
4 2 0 5 
13 5 5 11 
10 8 11 7 
5 12 7 12 
12 10 12 8 
14 5 8 13 
8 10 13 7 
8 12 9 14 
3 2 0 9 
4 4 9 0 
1 4 0 7 
9 13 7 6 
11 10 6 11 
8 5 11 10 
14 12 10 11 
14 14 11 8 
7 8 8 9 
14 8 9 12 
1 3 0 8 
2 4 8 0 
3 1 0 13 
14 9 13 6 
6 13 6 12 
9 8 12 6 
11 14 10 9 
8 14 9 6 
7 7 6 14 
5 14 14 13 
3 1 0 7 
10 11 7 10 
5 13 10 14 
13 14 14 7 
10 6 7 7 
14 9 7 11 
5 11 11 5 
8 8 5 10 
13 7 10 5 
5 5 5 11 
1 3 0 11 
9 12 5 7 
9 5 7 8 
8 13 8 6 
6 10 6 12 
8 14 12 11 
6 5 8 14 
5 8 14 6 
14 13 6 11 
6 5 9 9 
4 1 0 5 
6 7 5 9 
12 9 9 11 
14 13 7 10 
6 6 10 9 
6 8 9 13 
12 6 13 13 
1 4 0 11 
6 13 5 13 
8 8 7 8 
2 4 0 10 
0 1 0 4 
0 13 1 2 
0 14 2 1 
14 6 6 12 
0 9 2 1 
13 12 10 11 
12 12 5 13 
0 14 1 2 
4 4 11 0 