43
9
1 0 0 1 
10 0 1 2 
12 0 2 2 
9 0 2 2 
13 0 2 4 
8 0 4 3 
5 0 3 2 
1 0 2 0 
2 0 0 2 
4 1 0 12 
10 10 12 7 
7 12 7 13 
9 9 13 7 
6 13 7 8 
5 8 8 6 
5 5 6 9 
2 1 9 0 
3 2 0 11 
1 4 0 10 
11 10 10 9 
11 7 9 13 
8 8 5 8 
12 6 8 6 
13 5 6 8 
10 5 8 8 
12 9 8 13 
3 3 13 0 
1 1 0 8 
12 11 12 10 
8 11 10 13 
7 8 13 13 
8 12 13 11 
5 13 11 7 
11 13 5 5 
7 12 5 11 
1 3 11 0 
2 1 0 13 
13 12 13 11 
5 8 11 7 
12 7 7 9 
12 8 5 12 
6 5 12 10 
5 11 10 11 
11 7 11 7 
4 1 7 0 
3 2 0 7 
12 13 7 10 
9 5 10 9 
10 12 9 6 
11 12 6 7 
6 6 7 9 
10 5 9 6 
10 11 6 13 
4 4 13 0 
2 3 0 7 
5 6 7 8 
6 9 8 9 
5 8 5 12 
3 3 0 7 
10 6 7 13 
9 10 13 9 
0 10 3 1 
4 0 1 0 
4 3 0 12 
10 5 12 11 
13 6 11 12 
6 5 7 8 
3 3 8 0 
4 4 0 6 
9 9 6 9 
10 12 6 12 
2 4 0 5 
4 4 0 5 
9 7 6 11 
11 13 6 11 
8 6 10 10 
6 7 5 9 
1 4 5 0 
8 8 6 10 
0 11 1 4 
0 0 0 0 